0 0 0
0 1 2
0 3 5
0 4 7
0 6 10
0 8 13
0 9 15
0 11 18
0 12 20
0 14 23
0 16 26
0 17 28
0 19 31
0 21 34
0 22 36
0 24 39
1 1 1
1 3 4
1 5 8
1 6 12
1 7 11
1 9 14
1 10 17
1 13 21
1 15 24
1 16 28
1 18 29
1 19 33
1 20 30
1 22 35
1 23 38
2 2 2
2 3 6
2 4 8
2 5 7
2 9 16
2 10 15
2 11 19
2 12 18
2 13 23
2 14 26
2 17 31
2 20 29
2 21 32
2 22 37
2 24 40
2 25 38
3 3 3
3 7 9
3 8 14
3 10 11
3 12 21
3 13 20
3 15 23
3 16 27
3 17 29
3 18 32
3 19 36
3 22 40
3 24 37
3 25 35
4 4 4
4 5 10
4 6 9
4 11 12
4 13 22
4 14 24
4 15 19
4 16 29
4 17 25
4 18 30
4 20 34
4 21 36
4 23 39
4 26 37
5 5 5
5 6 14
5 9 11
5 12 13
5 15 26
5 16 20
5 17 27
5 18 35
5 19 28
5 21 33
5 22 38
5 23 36
5 25 39
6 6 6
6 7 13
6 8 11
6 15 28
6 16 23
6 17 21
6 18 33
6 19 40
6 20 22
6 24 32
6 25 37
7 7 7
7 8 16
7 10 12
7 14 19
7 15 31
7 17 30
7 18 27
7 20 21
7 22 33
7 23 35
7 25 40
8 8 8
8 9 17
8 10 20
8 12 19
8 15 18
8 21 22
8 23 29
8 24 38
8 28 40
9 9 9
9 10 18
9 12 22
9 13 24
9 19 35
9 20 32
9 21 28
9 23 26
9 25 30
9 33 34
10 10 10
10 13 16
10 14 21
10 19 23
10 22 32
10 24 35
10 25 27
10 26 40
11 11 11
11 13 14
11 15 25
11 16 21
11 17 36
11 20 31
11 22 34
11 23 37
11 24 33
11 26 39
11 35 38
12 12 12
12 14 15
12 16 30
12 17 23
12 24 36
12 25 34
12 27 37
12 28 32
12 29 31
13 13 13
13 15 17
13 18 28
13 19 30
13 26 31
13 27 36
13 34 38
14 14 14
14 16 22
14 17 32
14 18 31
14 20 27
14 25 29
14 28 37
15 15 15
15 16 34
15 20 33
15 21 37
15 22 27
15 29 40
15 30 36
15 32 35
16 16 16
16 17 19
16 18 24
16 25 36
16 31 40
16 32 37
17 17 17
17 18 22
17 20 26
17 24 34
18 18 18
18 19 21
18 20 23
18 26 38
19 19 19
19 20 25
19 22 24
19 26 32
19 27 39
20 20 20
20 24 28
20 36 39
21 21 21
21 23 25
21 24 27
21 30 38
22 22 22
22 23 30
22 25 31
23 23 23
23 27 33
23 28 31
24 24 24
24 29 30
25 25 25
25 26 33
26 26 26
26 27 28
26 29 34
27 27 27
27 30 35
27 32 40
28 28 28
28 29 35
28 33 36
29 29 29
29 32 33
30 30 30
30 32 39
30 37 40
31 31 31
31 34 36
31 37 38
32 32 32
33 33 33
33 35 37
34 34 34
34 35 39
35 35 35
36 36 36
36 38 40
37 37 37
38 38 38
39 39 39
40 40 40