1 2 3 4 12 13 14 23 24 34 1234
0 0 0 0
0 0 1 2
0 0 3 5
0 0 4 7
0 0 6 10
0 0 8 13
0 0 9 15
0 0 11 18
0 0 12 20
0 0 14 23
0 1 1 1
0 1 3 4
0 1 5 8
0 1 6 12
0 1 7 11
0 1 9 14
0 1 10 17
0 1 13 21
0 1 15 24
0 2 2 2
0 2 3 6
0 2 4 8
0 2 5 7
0 2 9 16
0 2 10 15
0 2 11 19
0 2 12 18
0 2 13 23
0 3 3 3
0 3 7 9
0 3 8 14
0 3 10 11
0 3 12 21
0 3 13 20
0 3 15 23
0 4 4 4
0 4 5 10
0 4 6 9
0 4 11 12
0 4 13 22
0 4 14 24
0 4 15 19
0 4 17 25
0 5 5 5
0 5 6 14
0 5 9 11
0 5 12 13
0 5 16 20
0 6 6 6
0 6 7 13
0 6 8 11
0 6 16 23
0 6 17 21
0 6 20 22
0 7 7 7
0 7 8 16
0 7 10 12
0 7 14 19
0 7 20 21
0 8 8 8
0 8 9 17
0 8 10 20
0 8 12 19
0 8 15 18
0 8 21 22
0 9 9 9
0 9 10 18
0 9 12 22
0 9 13 24
0 10 10 10
0 10 13 16
0 10 14 21
0 10 19 23
0 11 11 11
0 11 13 14
0 11 15 25
0 11 16 21
0 12 12 12
0 12 14 15
0 12 17 23
0 13 13 13
0 13 15 17
0 14 14 14
0 14 16 22
0 15 15 15
0 16 16 16
0 16 17 19
0 16 18 24
0 17 17 17
0 17 18 22
0 18 18 18
0 18 19 21
0 18 20 23
0 19 19 19
0 19 20 25
0 19 22 24
0 20 20 20
0 21 21 21
0 21 23 25
0 22 22 22
0 23 23 23
0 24 24 24
0 25 25 25
1 1 2 2
1 1 3 6
1 1 4 8
1 1 5 7
1 1 9 16
1 1 10 15
1 1 11 19
1 1 12 18
1 1 13 23
1 1 14 25
1 2 3 5
1 2 4 7
1 2 6 10
1 2 8 13
1 2 9 15
1 2 11 21
1 2 12 20
1 2 16 23
1 3 3 9
1 3 7 8
1 3 10 10
1 3 11 13
1 3 12 19
1 3 14 22
1 3 15 25
1 4 4 6
1 4 5 9
1 4 10 16
1 4 11 20
1 4 12 23
1 4 13 13
1 4 14 15
1 5 5 12
1 5 6 6
1 5 10 13
1 5 11 22
1 5 14 18
1 5 16 25
1 5 17 19
1 6 7 16
1 6 8 14
1 6 9 13
1 6 11 18
1 6 15 20
1 6 19 22
1 7 7 10
1 7 9 9
1 7 12 21
1 7 13 14
1 7 15 22
1 7 17 23
1 8 8 15
1 8 9 11
1 8 10 19
1 8 12 12
1 8 16 17
1 8 18 24
1 9 10 22
1 9 12 17
1 9 20 24
1 10 11 12
1 10 14 20
1 11 11 14
1 11 15 15
1 11 16 24
1 12 13 24
1 13 16 16
1 13 17 18
1 14 14 17
1 14 16 21
1 15 16 19
1 15 18 23
1 16 18 18
1 16 20 22
1 17 17 21
1 17 24 25
1 18 19 25
1 18 20 20
1 18 21 22
1 19 19 23
1 20 21 21
1 22 22 24
1 22 23 23
2 2 3 7
2 2 4 9
2 2 5 8
2 2 6 12
2 2 10 11
2 2 13 21
2 2 15 22
2 3 3 11
2 3 4 4
2 3 8 9
2 3 10 19
2 3 12 14
2 3 13 16
2 3 18 25
2 4 5 5
2 4 6 15
2 4 10 12
2 4 11 22
2 4 13 18
2 4 14 17
2 4 16 20
2 5 6 9
2 5 10 18
2 5 11 15
2 5 12 12
2 5 13 22
2 5 14 24
2 6 6 7
2 6 8 8
2 6 11 13
2 6 14 20
2 6 16 24
2 6 17 22
2 7 7 13
2 7 8 12
2 7 9 17
2 7 10 21
2 7 11 20
2 7 15 25
2 7 22 24
2 8 10 25
2 8 11 11
2 8 14 23
2 8 18 19
2 9 9 12
2 9 10 10
2 9 11 18
2 9 13 19
2 9 14 25
2 10 13 13
2 10 14 16
2 10 17 23
2 11 12 16
2 11 23 25
2 12 15 17
2 13 14 15
2 13 17 25
2 14 14 19
2 14 18 18
2 15 15 24
2 15 20 20
2 16 16 21
2 16 17 17
2 16 19 22
2 17 20 24
2 17 21 21
2 18 23 23
2 19 19 20
2 19 21 24
2 21 22 23
2 22 25 25
2 24 24 25
3 3 4 6
3 3 5 5
3 3 7 14
3 3 8 12
3 3 10 16
3 3 13 18
3 3 19 20
3 4 5 12
3 4 7 7
3 4 8 16
3 4 9 13
3 4 10 20
3 4 11 24
3 4 14 19
3 4 15 21
3 5 6 13
3 5 7 17
3 5 8 20
3 5 9 15
3 5 10 23
3 5 11 14
3 5 19 24
3 6 6 10
3 6 7 19
3 6 8 22
3 6 9 14
3 6 11 21
3 6 12 15
3 6 18 24
3 7 11 25
3 7 12 18
3 7 13 23
3 7 15 16
3 8 8 13
3 8 11 19
3 8 15 15
3 8 17 21
3 8 23 24
3 9 9 20
3 9 11 12
3 9 16 19
3 9 17 17
3 9 18 22
3 10 12 24
3 10 13 17
3 10 15 22
3 10 18 21
3 11 11 15
3 11 16 16
3 11 17 22
3 11 18 20
3 12 12 25
3 12 20 20
3 13 13 19
3 13 14 25
3 13 22 24
3 14 14 16
3 14 15 24
3 14 17 18
3 14 21 21
3 15 17 20
3 16 17 23
3 16 20 21
3 17 25 25
3 20 22 23
3 21 22 22
3 21 24 25
4 4 5 11
4 4 7 15
4 4 8 8
4 4 9 12
4 4 10 17
4 4 13 24
4 4 14 16
4 5 6 17
4 5 7 19
4 5 8 14
4 5 15 15
4 5 16 21
4 5 18 20
4 5 22 23
4 6 6 14
4 6 7 12
4 6 8 24
4 6 10 25
4 6 13 19
4 6 16 18
4 6 20 21
4 7 8 10
4 7 9 18
4 7 11 14
4 7 13 21
4 7 17 22
4 8 9 15
4 8 11 18
4 8 12 17
4 8 13 25
4 9 9 22
4 9 11 23
4 9 17 20
4 9 19 21
4 10 10 18
4 10 11 13
4 10 19 19
4 11 11 19
4 12 12 15
4 12 13 20
4 12 14 14
4 12 18 24
4 12 21 25
4 13 14 23
4 14 20 25
4 15 23 25
4 16 16 17
4 16 22 22
4 17 18 21
4 18 18 25
4 20 20 23
4 20 24 24
4 21 22 24
5 5 6 16
5 5 7 8
5 5 9 13
5 5 10 19
5 5 11 17
5 5 14 21
5 5 15 18
5 6 7 10
5 6 11 11
5 6 12 18
5 6 15 23
5 6 24 25
5 7 7 18
5 7 9 14
5 7 11 21
5 7 12 24
5 7 13 20
5 7 16 22
5 8 8 16
5 8 9 23
5 8 10 21
5 8 11 24
5 8 13 18
5 8 15 22
5 8 19 25
5 9 9 19
5 9 10 24
5 9 12 25
5 9 16 16
5 9 21 22
5 10 10 17
5 10 14 22
5 10 20 20
5 11 12 20
5 11 18 25
5 11 19 23
5 12 16 23
5 12 17 17
5 12 19 21
5 13 13 14
5 13 19 19
5 13 23 25
5 14 14 15
5 14 16 19
5 15 16 17
5 15 21 25
5 17 22 25
5 18 18 22
5 18 21 23
6 6 8 16
6 6 9 20
6 6 11 25
6 6 12 12
6 6 13 22
6 6 15 17
6 6 18 19
6 7 7 8
6 7 9 23
6 7 11 17
6 7 14 24
6 7 18 18
6 8 9 18
6 8 10 17
6 8 13 21
6 8 19 23
6 9 12 19
6 9 15 15
6 9 16 21
6 9 17 25
6 10 10 14
6 10 11 19
6 10 13 24
6 11 14 14
6 11 15 16
6 12 14 22
6 12 16 20
6 12 17 24
6 12 21 23
6 13 13 18
6 13 15 25
6 13 20 20
6 15 18 21
6 15 24 24
6 17 19 19
6 17 20 23
6 19 21 21
6 22 22 23
7 7 9 19
7 7 11 16
7 7 14 22
7 7 15 15
7 7 17 21
7 7 20 23
7 8 8 19
7 8 9 21
7 8 14 17
7 8 15 20
7 9 10 16
7 9 11 11
7 9 24 25
7 10 10 13
7 10 11 22
7 10 14 23
7 10 17 19
7 10 24 24
7 11 12 15
7 11 19 19
7 12 12 20
7 12 13 13
7 12 16 19
7 13 19 22
7 14 18 20
7 16 16 18
7 16 17 20
7 16 23 23
7 17 17 25
7 18 19 23
7 20 20 22
7 21 21 23
8 8 9 24
8 8 10 12
8 8 11 20
8 8 17 18
8 9 13 20
8 9 14 16
8 9 22 22
8 10 10 11
8 10 14 14
8 10 22 24
8 11 13 17
8 11 14 25
8 11 16 23
8 12 15 21
8 12 18 22
8 12 20 23
8 13 13 15
8 14 20 20
8 16 16 22
8 17 17 23
8 18 23 25
8 19 19 24
8 21 24 24
9 9 11 24
9 9 13 25
9 9 14 14
9 9 15 23
9 9 16 17
9 9 18 21
9 10 12 12
9 10 19 20
9 11 19 25
9 13 17 23
9 14 19 19
9 16 18 23
9 17 18 18
9 17 21 24
9 18 20 25
9 20 20 21
10 10 12 21
10 10 15 16
10 10 23 23
10 11 11 18
10 12 13 14
10 12 15 19
10 12 18 23
10 13 18 18
10 13 22 23
10 14 15 25
10 14 17 17
10 16 16 25
10 16 21 22
10 18 20 22
10 20 21 24
10 20 25 25
11 11 17 20
11 11 21 21
11 12 13 23
11 12 21 24
11 13 16 19
11 13 21 22
11 13 24 24
11 14 16 17
11 14 18 23
11 15 17 18
11 15 19 21
11 15 20 24
11 21 23 23
12 12 17 22
12 12 19 23
12 13 16 17
12 13 18 21
12 13 25 25
12 14 23 23
12 15 15 16
12 17 20 25
12 19 19 25
12 19 22 22
12 23 24 24
13 13 20 22
13 13 21 25
13 13 23 24
13 14 18 19
13 15 16 24
13 16 21 23
13 17 22 22
14 14 20 21
14 14 22 25
14 15 16 20
14 15 17 19
14 18 24 24
14 19 25 25
15 15 17 23
15 15 18 25
15 19 23 23
15 20 22 22
15 24 25 25
16 16 19 19
16 19 24 25
16 21 21 25
16 22 23 24
17 17 22 24
17 18 19 24
17 19 20 22
17 23 23 25
20 20 24 25