12 13 14 23 24 34 1234
0 0 0 0
0 0 0 1
0 0 0 2
0 0 0 3
0 0 0 4
0 0 0 5	
0 0 0 6
0 0 0 7
0 0 0 8
0 0 0 9
0 0 0 10
0 0 0 11
0 0 0 12
0 0 0 13
0 0 0 14
0 0 0 15
0 0 0 16
0 0 0 17
0 0 0 18
0 0 0 19
0 0 0 20
0 0 0 21
0 0 0 22
0 0 0 23
0 0 0 24
0 0 0 25
0 1 2 3
0 1 2 4
0 1 2 5
0 1 2 6
0 1 2 7
0 1 2 8
0 1 2 9
0 1 2 10
0 1 2 11
0 1 2 12
0 1 2 13
0 1 2 14
0 1 2 15
0 1 2 16
0 1 2 17
0 1 2 18
0 1 2 19
0 1 2 20
0 1 2 21
0 1 2 22
0 1 2 23
0 1 2 24
0 1 2 25
0 2 4 5
0 3 5 7
0 3 5 8
0 3 5 9
0 3 5 10
0 3 5 11
0 3 5 12
0 3 5 13
0 3 5 14
0 3 5 15
0 3 5 16
0 3 5 17
0 3 5 18
0 3 5 19
0 3 5 20
0 3 5 21
0 3 5 22
0 3 5 23
0 3 5 24
0 3 5 25
0 4 7 9
0 4 7 11
0 4 7 12
0 4 7 13
0 4 7 14
0 4 7 15
0 4 7 16
0 4 7 17
0 4 7 18
0 4 7 19
0 4 7 20
0 4 7 21
0 4 7 22
0 4 7 23
0 4 7 24
0 4 7 25
0 5 9 12
0 6 10 13
0 6 10 14
0 6 10 15
0 6 10 16
0 6 10 17
0 6 10 18
0 6 10 19
0 6 10 20
0 6 10 21
0 6 10 22
0 6 10 23
0 6 10 24
0 6 10 25
0 6 11 13
0 7 12 15
0 7 12 16
0 7 12 18
0 8 13 17
0 8 13 19
0 8 13 20
0 8 13 21
0 8 13 22
0 8 13 23
0 8 13 24
0 8 13 25
0 8 14 17
0 8 14 19
0 9 15 20
0 9 15 21
0 9 15 23
0 9 15 24
0 9 15 25
0 9 16 20
0 10 16 22
0 10 17 21
0 10 17 22
0 10 18 21
0 11 18 23
0 11 18 24
0 11 19 23
0 12 19 25
0 12 20 25
1 1 2 2
1 1 2 3
1 1 4 6
1 1 4 7
1 1 4 8
1 1 4 9
1 1 4 10
1 1 4 11
1 1 4 12
1 1 4 13
1 1 4 14
1 1 4 15
1 1 4 16
1 1 4 17
1 1 4 18
1 1 4 19
1 1 4 20
1 1 4 21
1 1 4 22
1 1 4 23
1 1 4 24
1 1 4 25
1 2 2 2
1 3 3 3
1 3 3 6
1 3 3 7
1 3 3 8
1 3 3 9
1 3 3 10
1 3 3 11
1 3 3 12
1 3 3 13
1 3 3 14
1 3 3 15
1 3 3 16
1 3 3 17
1 3 3 18
1 3 3 19
1 3 3 20
1 3 3 21
1 3 3 22
1 3 3 23
1 3 3 24
1 3 3 25
1 4 4 4
1 4 4 5
1 4 9 12
1 4 9 13
1 5 6 9
1 5 6 10
1 5 6 11
1 5 6 12
1 5 6 13
1 5 6 14
1 5 6 15
1 5 6 16
1 5 6 17
1 5 6 18
1 5 6 19
1 5 6 20
1 5 6 21
1 5 6 22
1 5 6 23
1 5 6 24
1 5 6 25
1 5 9 10
1 6 10 11
1 7 11 12
1 7 12 18
1 7 12 20
1 7 12 21
1 7 12 22
1 7 12 23
1 7 12 24
1 7 12 25
1 7 13 17
1 7 13 20
1 7 14 19
1 8 12 17
1 8 12 20
1 8 13 14
1 8 15 21
1 8 15 22
1 8 15 24
1 8 15 25
1 8 16 20
1 9 15 19
1 9 17 23
1 9 17 24
1 10 14 21
1 10 14 23
1 10 14 24
1 10 14 25
1 10 19 25
1 11 15 22
1 11 19 25
1 12 18 25
1 13 19 23
1 14 20 24
2 2 6 8
2 2 6 9
2 2 6 10
2 2 6 11
2 2 6 12
2 2 6 13
2 2 6 14
2 2 6 15
2 2 6 16
2 2 6 17
2 2 6 18
2 2 6 19
2 2 6 20
2 2 6 21
2 2 6 22
2 2 6 23
2 2 6 24
2 2 6 25
2 3 3 5
2 3 3 6
2 3 8 12
2 3 8 13
2 3 8 14
2 3 8 15
2 3 8 16
2 3 8 17
2 3 8 18
2 3 8 19
2 3 8 20
2 3 8 21
2 3 8 22
2 3 8 23
2 3 8 24
2 3 8 25
2 4 6 6
2 4 6 8
2 4 6 9
2 4 10 14
2 4 10 16
2 4 10 17
2 4 10 18
2 4 10 19
2 4 10 20
2 4 10 21
2 4 10 22
2 4 10 23
2 4 10 24
2 4 10 25
2 5 8 10
2 5 8 11
2 5 8 13
2 5 12 18
2 5 12 19
2 5 12 20
2 5 12 21
2 5 12 22
2 5 12 23
2 5 12 24
2 5 12 25
2 6 9 12
2 7 7 7
2 7 7 9
2 7 7 10
2 7 7 11
2 7 7 12
2 7 7 13
2 7 7 14
2 7 7 15
2 7 7 16
2 7 7 17
2 7 7 18
2 7 7 19
2 7 7 20
2 7 7 21
2 7 7 22
2 7 7 23
2 7 7 24
2 7 7 25
2 8 8 8
2 8 11 14
2 8 11 18
2 9 11 14
2 9 11 16
2 9 11 18
2 9 11 20
2 9 11 21
2 9 11 22
2 9 11 23
2 9 11 24
2 9 11 25
2 10 12 17
2 10 12 19
2 10 18 20
2 10 19 25
2 11 14 22
2 11 19 21
2 12 15 21
2 12 15 23
2 12 15 25
2 12 20 22
2 13 16 24
2 13 21 23
2 15 23 25
3 3 5 5
3 3 6 7
3 4 4 5
3 4 4 8
3 4 4 9
3 4 4 10
3 4 4 11
3 4 4 12
3 4 4 13
3 4 4 14
3 4 4 15
3 4 4 16
3 4 4 17
3 4 4 18
3 4 4 19
3 4 4 20
3 4 4 21
3 4 4 22
3 4 4 23
3 4 4 24
3 4 4 25
3 4 7 10
3 4 8 8
3 4 8 10
3 5 9 14
3 5 12 15
3 5 12 16
3 5 12 18
3 6 7 7
3 6 9 16
3 6 9 17
3 6 9 18
3 6 9 19
3 6 9 20
3 6 9 21
3 6 9 22
3 6 9 23
3 6 9 24
3 6 9 25
3 6 10 15
3 6 14 17
3 6 14 20
3 7 7 7
3 7 11 18
3 7 11 19
3 7 11 20
3 7 11 21
3 7 11 22
3 7 11 23
3 7 11 24
3 7 11 25
3 7 15 19
3 8 9 16
3 8 11 12
3 8 11 14
3 9 12 13
3 9 16 19
3 9 16 20
3 9 16 22
3 9 17 24
3 10 11 17
3 10 11 19
3 10 18 25
3 10 21 22
3 11 12 20
3 11 18 21
3 11 21 22
3 12 13 21
3 12 13 25
3 12 20 21
3 13 14 22
3 13 21 22
3 14 15 23
3 14 22 23
3 15 16 24
4 4 7 7
4 4 10 11
4 5 6 6
4 5 11 15
4 5 11 16
4 5 11 17
4 5 11 18
4 5 11 19
4 5 11 20
4 5 11 21
4 5 11 22
4 5 11 23
4 5 11 24
4 5 11 25
4 6 9 11
4 6 9 12
4 6 15 23
4 6 15 24
4 6 15 25
4 6 16 21
4 7 10 16
4 7 11 12
4 7 12 17
4 7 17 25
4 7 18 20
4 7 18 22
4 8 10 18
4 8 10 19
4 8 10 21
4 8 13 19
4 8 18 20
4 8 20 23
4 9 11 13
4 9 12 20
4 9 12 21
4 9 12 22
4 9 12 25
4 9 19 22
4 10 12 15
4 10 13 15
4 10 13 19
4 11 14 23
4 11 16 24
4 11 23 25
4 12 14 16
4 12 14 23
4 12 16 22
4 13 17 23
4 13 18 22
4 14 16 25
4 14 18 24
4 16 21 25
5 5 7 9
5 5 7 10
5 5 7 11
5 5 7 12
5 5 7 13
5 5 7 14
5 5 7 15
5 5 7 16
5 5 7 17
5 5 7 18
5 5 7 19
5 5 7 20
5 5 7 21
5 5 7 22
5 5 7 23
5 5 7 24
5 5 7 25
5 5 12 13
5 6 10 13
5 6 10 16
5 6 13 14
5 6 14 14
5 6 14 18
5 6 14 21
5 6 17 22
5 7 8 8
5 7 8 9
5 7 18 20
5 8 8 12
5 8 8 14
5 8 8 15
5 8 8 18
5 8 8 20
5 8 8 21
5 8 8 22
5 8 8 23
5 8 8 24
5 8 8 25
5 8 9 14
5 8 12 12
5 9 9 13
5 9 9 16
5 9 9 17
5 9 9 19
5 9 10 10
5 10 11 11
5 10 14 23
5 10 16 20
5 11 12 12
5 11 17 25
5 11 19 23
5 12 13 24
5 12 18 24
5 13 24 25
6 6 11 14
6 6 11 17
6 6 11 18
6 6 11 20
6 6 11 21
6 6 11 22
6 6 11 23
6 6 11 24
6 6 11 25
6 6 12 12
6 6 13 18
6 6 13 21
6 6 14 18
6 7 9 12
6 7 9 16
6 7 9 18
6 7 9 19
6 7 13 15
6 7 15 16
6 7 15 20
6 7 15 21
6 7 15 23
6 8 10 15
6 8 15 16
6 8 16 19
6 8 16 22
6 8 16 24
6 8 17 24
6 8 21 25
6 9 23 24
6 10 11 13
6 10 17 22
6 10 17 23
6 10 19 22
6 10 23 24
6 12 13 14
6 12 14 23
6 12 15 23
6 13 16 22
6 14 15 17
6 14 22 25
6 15 17 22
6 16 17 18
6 19 20 21
6 20 21 22
6 23 24 25
7 7 8 14
7 7 13 15
7 7 15 16
7 8 11 11
7 8 21 23
7 8 22 23
7 9 11 18
7 9 11 22
7 9 12 20
7 9 12 21
7 9 15 17
7 9 18 19
7 10 11 17
7 10 11 20
7 10 11 22
7 10 11 24
7 10 16 20
7 10 16 24
7 10 17 20
7 11 17 18
7 12 13 19
7 12 18 19
7 12 22 24
7 13 14 16
7 13 14 25
7 13 15 16
7 14 17 25
7 15 22 24
7 16 18 25
7 21 23 24
8 8 13 13
8 8 13 17
8 8 14 22
8 8 16 19
8 8 18 23
8 9 13 23
8 9 13 25
8 9 14 15
8 9 15 15
8 9 16 19
8 9 16 23
8 9 18 22
8 9 18 23
8 9 19 25
8 10 13 17
8 10 15 21
8 10 15 22
8 10 17 17
8 10 17 22
8 10 19 21
8 11 11 16
8 11 11 19
8 11 16 16
8 11 16 18
8 11 16 23
8 12 12 17
8 12 12 18
8 12 12 21
8 12 12 23
8 12 12 24
8 12 12 25
8 12 14 14
8 13 15 15
8 13 15 21
8 13 17 19
8 13 21 25
8 15 15 15
8 16 16 20
8 16 20 22
8 16 21 24
8 17 23 25
8 18 18 22
9 9 10 15
9 9 10 17
9 9 10 20
9 9 10 23
9 9 10 25
9 9 13 14
9 9 15 18
9 9 15 21
9 9 15 24
9 9 16 16
9 9 19 21
9 9 21 25
9 10 12 25
9 10 14 23
9 10 21 21
9 10 21 24
9 10 23 24
9 11 11 12
9 11 15 15
9 12 16 25
9 12 18 25
9 13 13 14
9 13 13 15
9 13 15 21
9 13 18 18
9 14 16 24
9 14 19 24
9 15 15 17
9 15 15 18
9 15 15 20
9 16 18 18
9 17 17 19
9 17 17 22
9 17 18 24
9 19 19 21
9 19 19 24
9 22 22 23
9 23 23 25
10 10 11 19
10 10 14 14
10 10 15 20
10 10 18 20
10 10 18 24
10 10 18 25
10 10 20 23
10 10 24 25
10 11 19 22
10 11 23 25
10 12 12 14
10 12 21 21
10 13 14 18
10 13 14 21
10 13 14 22
10 13 14 24
10 13 20 20
10 13 21 23
10 13 22 25
10 14 24 25
10 15 15 16
10 15 18 22
10 15 18 23
10 16 16 24
10 17 17 18
10 19 19 19
10 20 20 21
10 22 22 22
11 11 17 21
11 11 17 24
11 11 19 19
11 11 22 24
11 12 16 17
11 12 17 17
11 13 18 18
11 14 14 16
11 14 19 20
11 15 17 21
11 15 17 24
11 15 25 25
11 16 19 21
11 16 19 25
12 12 20 25
12 12 23 24
12 13 15 17
12 14 15 19
12 14 16 25
12 14 24 24
12 15 15 24
12 15 24 24
12 16 16 19
12 16 23 23
12 17 24 24
12 19 19 23
12 20 20 20
12 20 20 21
12 21 21 22
12 23 23 25
13 13 14 16
13 14 17 19
13 15 17 25
13 16 16 19
13 16 18 18
13 17 20 21
13 18 19 20
13 18 20 23
13 19 19 20
13 20 20 23
13 22 22 24
13 22 24 24
13 24 24 25
14 15 17 25
14 15 20 22
14 16 18 22
14 17 18 19
14 17 25 25
14 19 20 25
14 19 23 23
14 20 23 23
14 21 21 23
14 24 24 24
14 25 25 25
15 16 19 23
15 17 20 20
15 19 22 22
15 23 24 24
16 16 21 22
16 16 21 23
16 20 22 23
16 20 24 24
16 23 24 24
18 19 21 25
18 20 24 25
19 20 22 22
20 21 24 25