C:\Users\s21b1\CLionProjects\contest3\cmake-build-debug\contest3.exe
40
0 0 0
0 1 2
0 3 5
0 4 7
0 6 10
0 8 13
0 9 15
0 11 18
0 12 20
0 14 23
0 16 26
0 17 28
0 19 31
0 21 34
0 22 36
0 24 39
1 1 4
1 3 3
1 5 6
1 7 12
1 8 15
1 9 17
1 10 14
1 11 20
1 13 19
1 16 28
1 18 31
1 21 32
1 22 38
1 23 33
1 26 40
2 2 6
2 3 8
2 4 10
2 5 12
2 7 7
2 9 11
2 13 16
2 14 24
2 15 23
2 17 26
2 18 29
2 19 34
2 20 32
2 21 35
2 22 40
2 25 38
3 4 4
3 6 9
3 7 11
3 10 18
3 12 13
3 14 27
3 15 22
3 16 25
3 17 29
3 19 33
3 20 30
3 21 38
3 23 39
3 24 35
4 5 11
4 6 15
4 8 19
4 9 12
4 13 23
4 14 16
4 17 21
4 18 32
4 20 25
4 22 35
4 26 38
5 5 7
5 8 8
5 9 18
5 10 16
5 13 25
5 14 22
5 15 19
5 17 30
5 20 21
5 23 34
5 24 40
6 6 11
6 7 16
6 8 22
6 12 14
6 13 28
6 17 25
6 18 21
6 19 20
6 23 40
6 24 31
6 27 39
7 8 24
7 9 21
7 10 19
7 13 20
7 14 17
7 15 29
7 18 33
7 22 39
7 25 26
7 28 30
7 31 37
8 9 20
8 10 12
8 11 16
8 14 26
8 17 17
8 18 25
8 21 27
8 23 31
8 28 37
8 29 33
9 9 10
9 13 13
9 14 25
9 16 22
9 19 24
9 23 27
9 26 33
9 29 31
9 30 40
10 10 17
10 11 21
10 13 27
10 15 20
10 22 23
10 26 35
10 28 36
10 30 33
11 11 23
11 12 15
11 13 26
11 14 30
11 17 27
11 19 28
11 24 29
11 25 31
11 33 35
12 12 21
12 16 29
12 17 18
12 19 19
12 22 33
12 23 37
12 24 36
12 25 40
12 27 34
13 14 38
13 15 18
13 17 24
13 21 21
13 29 30
13 32 34
13 35 40
14 14 28
14 18 20
14 19 32
14 29 29
14 31 35
14 36 37
15 15 26
15 16 31
15 17 33
15 21 24
15 25 37
15 27 27
15 32 38
16 16 24
16 17 19
16 18 36
16 20 34
16 21 30
16 23 35
16 32 32
17 20 40
17 22 34
17 23 38
17 32 36
17 35 37
18 18 34
18 19 27
18 24 37
18 28 28
19 21 29
19 25 25
19 26 39
20 20 35
20 27 36
20 28 31
20 33 33
20 37 39
21 22 26
21 23 28
22 22 32
22 24 25
22 27 31
23 23 29
23 26 36
24 28 33
25 28 29
25 36 36
26 28 32
26 29 37
27 32 40
28 34 35
29 39 40
30 32 39
30 37 38
