C:\Users\s21b1\CLionProjects\contest3\cmake-build-debug\contest3.exe
25
0 0 0 0
0 0 1 1
0 0 2 2
0 0 3 3
0 0 4 4
0 0 5 5
0 0 6 6
0 0 7 7
0 0 8 8
0 0 9 9
0 0 10 10
0 0 11 11
0 0 12 12
0 0 13 13
0 0 14 14
0 0 15 15
0 0 16 16
0 0 17 17
0 0 18 18
0 0 19 19
0 0 20 20
0 0 21 21
0 0 22 22
0 0 23 23
0 0 24 24
0 0 25 25
0 1 2 3
0 1 4 5
0 1 6 7
0 1 8 9
0 1 10 11
0 1 12 13
0 1 14 15
0 1 16 17
0 1 18 19
0 1 20 21
0 1 22 23
0 1 24 25
0 2 4 6
0 2 5 7
0 2 8 10
0 2 9 11
0 2 12 14
0 2 13 15
0 2 16 18
0 2 17 19
0 2 20 22
0 2 21 23
0 3 4 7
0 3 5 6
0 3 8 11
0 3 9 10
0 3 12 15
0 3 13 14
0 3 16 19
0 3 17 18
0 3 20 23
0 3 21 22
0 4 8 12
0 4 9 13
0 4 10 14
0 4 11 15
0 4 16 20
0 4 17 21
0 4 18 22
0 4 19 23
0 5 8 13
0 5 9 12
0 5 10 15
0 5 11 14
0 5 16 21
0 5 17 20
0 5 18 23
0 5 19 22
0 6 8 14
0 6 9 15
0 6 10 12
0 6 11 13
0 6 16 22
0 6 17 23
0 6 18 20
0 6 19 21
0 7 8 15
0 7 9 14
0 7 10 13
0 7 11 12
0 7 16 23
0 7 17 22
0 7 18 21
0 7 19 20
0 8 16 24
0 8 17 25
0 9 16 25
0 9 17 24
0 10 18 24
0 10 19 25
0 11 18 25
0 11 19 24
0 12 20 24
0 12 21 25
0 13 20 25
0 13 21 24
0 14 22 24
0 14 23 25
0 15 22 25
0 15 23 24
1 1 1 1
1 1 2 2
1 1 3 3
1 1 4 4
1 1 5 5
1 1 6 6
1 1 7 7
1 1 8 8
1 1 9 9
1 1 10 10
1 1 11 11
1 1 12 12
1 1 13 13
1 1 14 14
1 1 15 15
1 1 16 16
1 1 17 17
1 1 18 18
1 1 19 19
1 1 20 20
1 1 21 21
1 1 22 22
1 1 23 23
1 1 24 24
1 1 25 25
1 2 4 7
1 2 5 6
1 2 8 11
1 2 9 10
1 2 12 15
1 2 13 14
1 2 16 19
1 2 17 18
1 2 20 23
1 2 21 22
1 3 4 6
1 3 5 7
1 3 8 10
1 3 9 11
1 3 12 14
1 3 13 15
1 3 16 18
1 3 17 19
1 3 20 22
1 3 21 23
1 4 8 13
1 4 9 12
1 4 10 15
1 4 11 14
1 4 16 21
1 4 17 20
1 4 18 23
1 4 19 22
1 5 8 12
1 5 9 13
1 5 10 14
1 5 11 15
1 5 16 20
1 5 17 21
1 5 18 22
1 5 19 23
1 6 8 15
1 6 9 14
1 6 10 13
1 6 11 12
1 6 16 23
1 6 17 22
1 6 18 21
1 6 19 20
1 7 8 14
1 7 9 15
1 7 10 12
1 7 11 13
1 7 16 22
1 7 17 23
1 7 18 20
1 7 19 21
1 8 16 25
1 8 17 24
1 9 16 24
1 9 17 25
1 10 18 25
1 10 19 24
1 11 18 24
1 11 19 25
1 12 20 25
1 12 21 24
1 13 20 24
1 13 21 25
1 14 22 25
1 14 23 24
1 15 22 24
1 15 23 25
2 2 2 2
2 2 3 3
2 2 4 4
2 2 5 5
2 2 6 6
2 2 7 7
2 2 8 8
2 2 9 9
2 2 10 10
2 2 11 11
2 2 12 12
2 2 13 13
2 2 14 14
2 2 15 15
2 2 16 16
2 2 17 17
2 2 18 18
2 2 19 19
2 2 20 20
2 2 21 21
2 2 22 22
2 2 23 23
2 2 24 24
2 2 25 25
2 3 4 5
2 3 6 7
2 3 8 9
2 3 10 11
2 3 12 13
2 3 14 15
2 3 16 17
2 3 18 19
2 3 20 21
2 3 22 23
2 3 24 25
2 4 8 14
2 4 9 15
2 4 10 12
2 4 11 13
2 4 16 22
2 4 17 23
2 4 18 20
2 4 19 21
2 5 8 15
2 5 9 14
2 5 10 13
2 5 11 12
2 5 16 23
2 5 17 22
2 5 18 21
2 5 19 20
2 6 8 12
2 6 9 13
2 6 10 14
2 6 11 15
2 6 16 20
2 6 17 21
2 6 18 22
2 6 19 23
2 7 8 13
2 7 9 12
2 7 10 15
2 7 11 14
2 7 16 21
2 7 17 20
2 7 18 23
2 7 19 22
2 8 18 24
2 8 19 25
2 9 18 25
2 9 19 24
2 10 16 24
2 10 17 25
2 11 16 25
2 11 17 24
2 12 22 24
2 12 23 25
2 13 22 25
2 13 23 24
2 14 20 24
2 14 21 25
2 15 20 25
2 15 21 24
3 3 3 3
3 3 4 4
3 3 5 5
3 3 6 6
3 3 7 7
3 3 8 8
3 3 9 9
3 3 10 10
3 3 11 11
3 3 12 12
3 3 13 13
3 3 14 14
3 3 15 15
3 3 16 16
3 3 17 17
3 3 18 18
3 3 19 19
3 3 20 20
3 3 21 21
3 3 22 22
3 3 23 23
3 3 24 24
3 3 25 25
3 4 8 15
3 4 9 14
3 4 10 13
3 4 11 12
3 4 16 23
3 4 17 22
3 4 18 21
3 4 19 20
3 5 8 14
3 5 9 15
3 5 10 12
3 5 11 13
3 5 16 22
3 5 17 23
3 5 18 20
3 5 19 21
3 6 8 13
3 6 9 12
3 6 10 15
3 6 11 14
3 6 16 21
3 6 17 20
3 6 18 23
3 6 19 22
3 7 8 12
3 7 9 13
3 7 10 14
3 7 11 15
3 7 16 20
3 7 17 21
3 7 18 22
3 7 19 23
3 8 18 25
3 8 19 24
3 9 18 24
3 9 19 25
3 10 16 25
3 10 17 24
3 11 16 24
3 11 17 25
3 12 22 25
3 12 23 24
3 13 22 24
3 13 23 25
3 14 20 25
3 14 21 24
3 15 20 24
3 15 21 25
4 4 4 4
4 4 5 5
4 4 6 6
4 4 7 7
4 4 8 8
4 4 9 9
4 4 10 10
4 4 11 11
4 4 12 12
4 4 13 13
4 4 14 14
4 4 15 15
4 4 16 16
4 4 17 17
4 4 18 18
4 4 19 19
4 4 20 20
4 4 21 21
4 4 22 22
4 4 23 23
4 4 24 24
4 4 25 25
4 5 6 7
4 5 8 9
4 5 10 11
4 5 12 13
4 5 14 15
4 5 16 17
4 5 18 19
4 5 20 21
4 5 22 23
4 5 24 25
4 6 8 10
4 6 9 11
4 6 12 14
4 6 13 15
4 6 16 18
4 6 17 19
4 6 20 22
4 6 21 23
4 7 8 11
4 7 9 10
4 7 12 15
4 7 13 14
4 7 16 19
4 7 17 18
4 7 20 23
4 7 21 22
4 8 20 24
4 8 21 25
4 9 20 25
4 9 21 24
4 10 22 24
4 10 23 25
4 11 22 25
4 11 23 24
4 12 16 24
4 12 17 25
4 13 16 25
4 13 17 24
4 14 18 24
4 14 19 25
4 15 18 25
4 15 19 24
5 5 5 5
5 5 6 6
5 5 7 7
5 5 8 8
5 5 9 9
5 5 10 10
5 5 11 11
5 5 12 12
5 5 13 13
5 5 14 14
5 5 15 15
5 5 16 16
5 5 17 17
5 5 18 18
5 5 19 19
5 5 20 20
5 5 21 21
5 5 22 22
5 5 23 23
5 5 24 24
5 5 25 25
5 6 8 11
5 6 9 10
5 6 12 15
5 6 13 14
5 6 16 19
5 6 17 18
5 6 20 23
5 6 21 22
5 7 8 10
5 7 9 11
5 7 12 14
5 7 13 15
5 7 16 18
5 7 17 19
5 7 20 22
5 7 21 23
5 8 20 25
5 8 21 24
5 9 20 24
5 9 21 25
5 10 22 25
5 10 23 24
5 11 22 24
5 11 23 25
5 12 16 25
5 12 17 24
5 13 16 24
5 13 17 25
5 14 18 25
5 14 19 24
5 15 18 24
5 15 19 25
6 6 6 6
6 6 7 7
6 6 8 8
6 6 9 9
6 6 10 10
6 6 11 11
6 6 12 12
6 6 13 13
6 6 14 14
6 6 15 15
6 6 16 16
6 6 17 17
6 6 18 18
6 6 19 19
6 6 20 20
6 6 21 21
6 6 22 22
6 6 23 23
6 6 24 24
6 6 25 25
6 7 8 9
6 7 10 11
6 7 12 13
6 7 14 15
6 7 16 17
6 7 18 19
6 7 20 21
6 7 22 23
6 7 24 25
6 8 22 24
6 8 23 25
6 9 22 25
6 9 23 24
6 10 20 24
6 10 21 25
6 11 20 25
6 11 21 24
6 12 18 24
6 12 19 25
6 13 18 25
6 13 19 24
6 14 16 24
6 14 17 25
6 15 16 25
6 15 17 24
7 7 7 7
7 7 8 8
7 7 9 9
7 7 10 10
7 7 11 11
7 7 12 12
7 7 13 13
7 7 14 14
7 7 15 15
7 7 16 16
7 7 17 17
7 7 18 18
7 7 19 19
7 7 20 20
7 7 21 21
7 7 22 22
7 7 23 23
7 7 24 24
7 7 25 25
7 8 22 25
7 8 23 24
7 9 22 24
7 9 23 25
7 10 20 25
7 10 21 24
7 11 20 24
7 11 21 25
7 12 18 25
7 12 19 24
7 13 18 24
7 13 19 25
7 14 16 25
7 14 17 24
7 15 16 24
7 15 17 25
8 8 8 8
8 8 9 9
8 8 10 10
8 8 11 11
8 8 12 12
8 8 13 13
8 8 14 14
8 8 15 15
8 8 16 16
8 8 17 17
8 8 18 18
8 8 19 19
8 8 20 20
8 8 21 21
8 8 22 22
8 8 23 23
8 8 24 24
8 8 25 25
8 9 10 11
8 9 12 13
8 9 14 15
8 9 16 17
8 9 18 19
8 9 20 21
8 9 22 23
8 9 24 25
8 10 12 14
8 10 13 15
8 10 16 18
8 10 17 19
8 10 20 22
8 10 21 23
8 11 12 15
8 11 13 14
8 11 16 19
8 11 17 18
8 11 20 23
8 11 21 22
8 12 16 20
8 12 17 21
8 12 18 22
8 12 19 23
8 13 16 21
8 13 17 20
8 13 18 23
8 13 19 22
8 14 16 22
8 14 17 23
8 14 18 20
8 14 19 21
8 15 16 23
8 15 17 22
8 15 18 21
8 15 19 20
9 9 9 9
9 9 10 10
9 9 11 11
9 9 12 12
9 9 13 13
9 9 14 14
9 9 15 15
9 9 16 16
9 9 17 17
9 9 18 18
9 9 19 19
9 9 20 20
9 9 21 21
9 9 22 22
9 9 23 23
9 9 24 24
9 9 25 25
9 10 12 15
9 10 13 14
9 10 16 19
9 10 17 18
9 10 20 23
9 10 21 22
9 11 12 14
9 11 13 15
9 11 16 18
9 11 17 19
9 11 20 22
9 11 21 23
9 12 16 21
9 12 17 20
9 12 18 23
9 12 19 22
9 13 16 20
9 13 17 21
9 13 18 22
9 13 19 23
9 14 16 23
9 14 17 22
9 14 18 21
9 14 19 20
9 15 16 22
9 15 17 23
9 15 18 20
9 15 19 21
10 10 10 10
10 10 11 11
10 10 12 12
10 10 13 13
10 10 14 14
10 10 15 15
10 10 16 16
10 10 17 17
10 10 18 18
10 10 19 19
10 10 20 20
10 10 21 21
10 10 22 22
10 10 23 23
10 10 24 24
10 10 25 25
10 11 12 13
10 11 14 15
10 11 16 17
10 11 18 19
10 11 20 21
10 11 22 23
10 11 24 25
10 12 16 22
10 12 17 23
10 12 18 20
10 12 19 21
10 13 16 23
10 13 17 22
10 13 18 21
10 13 19 20
10 14 16 20
10 14 17 21
10 14 18 22
10 14 19 23
10 15 16 21
10 15 17 20
10 15 18 23
10 15 19 22
11 11 11 11
11 11 12 12
11 11 13 13
11 11 14 14
11 11 15 15
11 11 16 16
11 11 17 17
11 11 18 18
11 11 19 19
11 11 20 20
11 11 21 21
11 11 22 22
11 11 23 23
11 11 24 24
11 11 25 25
11 12 16 23
11 12 17 22
11 12 18 21
11 12 19 20
11 13 16 22
11 13 17 23
11 13 18 20
11 13 19 21
11 14 16 21
11 14 17 20
11 14 18 23
11 14 19 22
11 15 16 20
11 15 17 21
11 15 18 22
11 15 19 23
12 12 12 12
12 12 13 13
12 12 14 14
12 12 15 15
12 12 16 16
12 12 17 17
12 12 18 18
12 12 19 19
12 12 20 20
12 12 21 21
12 12 22 22
12 12 23 23
12 12 24 24
12 12 25 25
12 13 14 15
12 13 16 17
12 13 18 19
12 13 20 21
12 13 22 23
12 13 24 25
12 14 16 18
12 14 17 19
12 14 20 22
12 14 21 23
12 15 16 19
12 15 17 18
12 15 20 23
12 15 21 22
13 13 13 13
13 13 14 14
13 13 15 15
13 13 16 16
13 13 17 17
13 13 18 18
13 13 19 19
13 13 20 20
13 13 21 21
13 13 22 22
13 13 23 23
13 13 24 24
13 13 25 25
13 14 16 19
13 14 17 18
13 14 20 23
13 14 21 22
13 15 16 18
13 15 17 19
13 15 20 22
13 15 21 23
14 14 14 14
14 14 15 15
14 14 16 16
14 14 17 17
14 14 18 18
14 14 19 19
14 14 20 20
14 14 21 21
14 14 22 22
14 14 23 23
14 14 24 24
14 14 25 25
14 15 16 17
14 15 18 19
14 15 20 21
14 15 22 23
14 15 24 25
15 15 15 15
15 15 16 16
15 15 17 17
15 15 18 18
15 15 19 19
15 15 20 20
15 15 21 21
15 15 22 22
15 15 23 23
15 15 24 24
15 15 25 25
16 16 16 16
16 16 17 17
16 16 18 18
16 16 19 19
16 16 20 20
16 16 21 21
16 16 22 22
16 16 23 23
16 16 24 24
16 16 25 25
16 17 18 19
16 17 20 21
16 17 22 23
16 17 24 25
16 18 20 22
16 18 21 23
16 19 20 23
16 19 21 22
17 17 17 17
17 17 18 18
17 17 19 19
17 17 20 20
17 17 21 21
17 17 22 22
17 17 23 23
17 17 24 24
17 17 25 25
17 18 20 23
17 18 21 22
17 19 20 22
17 19 21 23
18 18 18 18
18 18 19 19
18 18 20 20
18 18 21 21
18 18 22 22
18 18 23 23
18 18 24 24
18 18 25 25
18 19 20 21
18 19 22 23
18 19 24 25
19 19 19 19
19 19 20 20
19 19 21 21
19 19 22 22
19 19 23 23
19 19 24 24
19 19 25 25
20 20 20 20
20 20 21 21
20 20 22 22
20 20 23 23
20 20 24 24
20 20 25 25
20 21 22 23
20 21 24 25
21 21 21 21
21 21 22 22
21 21 23 23
21 21 24 24
21 21 25 25
22 22 22 22
22 22 23 23
22 22 24 24
22 22 25 25
22 23 24 25
23 23 23 23
23 23 24 24
23 23 25 25
24 24 24 24
24 24 25 25
25 25 25 25

Process finished with exit code 0
