12 13 14 23 24 34
0 0 0 0
0 0 0 1
0 0 0 2
0 0 0 3
0 0 0 4
0 0 0 5
0 0 0 6
0 0 0 7
0 0 0 8
0 0 0 9
0 0 0 10
0 0 0 11
0 0 0 12
0 0 0 13
0 0 0 14
0 0 0 15
0 0 0 16
0 0 0 17
0 0 0 18
0 0 0 19
0 0 0 20
0 0 0 21
0 0 0 22
0 0 0 23
0 0 0 24
0 0 0 25
0 1 2 3
0 1 2 4
0 1 2 5
0 1 2 6
0 1 2 7
0 1 2 8
0 1 2 9
0 1 2 10
0 1 2 11
0 1 2 12
0 1 2 13
0 1 2 14
0 1 2 15
0 1 2 16
0 1 2 17
0 1 2 18
0 1 2 19
0 1 2 20
0 1 2 21
0 1 2 22
0 1 2 23
0 1 2 24
0 1 2 25
0 2 4 5
0 3 5 7
0 3 5 8
0 3 5 9
0 3 5 10
0 3 5 11
0 3 5 12
0 3 5 13
0 3 5 14
0 3 5 15
0 3 5 16
0 3 5 17
0 3 5 18
0 3 5 19
0 3 5 20
0 3 5 21
0 3 5 22
0 3 5 23
0 3 5 24
0 3 5 25
0 4 7 9
0 4 7 11
0 4 7 12
0 4 7 13
0 4 7 14
0 4 7 15
0 4 7 16
0 4 7 17
0 4 7 18
0 4 7 19
0 4 7 20
0 4 7 21
0 4 7 22
0 4 7 23
0 4 7 24
0 4 7 25
0 5 9 12
0 6 10 13
0 6 10 14
0 6 10 15
0 6 10 16
0 6 10 17
0 6 10 18
0 6 10 19
0 6 10 20
0 6 10 21
0 6 10 22
0 6 10 23
0 6 10 24
0 6 10 25
0 6 11 13
0 7 12 15
0 7 12 16
0 7 12 18
0 8 13 17
0 8 13 19
0 8 13 20
0 8 13 21
0 8 13 22
0 8 13 23
0 8 13 24
0 8 13 25
0 8 14 17
0 8 14 19
0 9 15 20
0 9 15 21
0 9 15 23
0 9 15 24
0 9 15 25
0 9 16 20
0 10 16 22
0 10 17 21
0 10 17 22
0 10 18 21
0 11 18 23
0 11 18 24
0 11 19 23
0 12 19 25
0 12 20 25
1 1 1 1
1 1 1 2
1 1 1 3
1 1 1 4
1 1 1 5
1 1 1 6
1 1 1 7
1 1 1 8
1 1 1 9
1 1 1 10
1 1 1 11
1 1 1 12
1 1 1 13
1 1 1 14
1 1 1 15
1 1 1 16
1 1 1 17
1 1 1 18
1 1 1 19
1 1 1 20
1 1 1 21
1 1 1 22
1 1 1 23
1 1 1 24
1 1 1 25
1 2 3 5
1 2 5 6
1 3 4 8
1 3 4 9
1 3 4 10
1 3 4 11
1 3 4 12
1 3 4 13
1 3 4 14
1 3 4 15
1 3 4 16
1 3 4 17
1 3 4 18
1 3 4 19
1 3 4 20
1 3 4 21
1 3 4 22
1 3 4 23
1 3 4 24
1 3 4 25
1 3 7 8
1 4 7 8
1 4 7 11
1 4 9 12
1 5 8 13
1 5 8 14
1 5 8 15
1 5 8 16
1 5 8 17
1 5 8 18
1 5 8 19
1 5 8 20
1 5 8 21
1 5 8 22
1 5 8 23
1 5 8 24
1 5 8 25
1 5 9 12
1 6 9 10
1 6 12 16
1 6 12 17
1 6 12 18
1 6 12 19
1 6 12 20
1 6 12 21
1 6 12 22
1 6 12 23
1 6 12 24
1 6 12 25
1 7 11 14
1 7 11 17
1 7 11 19
1 7 11 20
1 7 11 21
1 7 11 22
1 7 11 23
1 7 11 24
1 7 11 25
1 7 12 13
1 8 13 19
1 8 15 20
1 8 15 22
1 9 13 16
1 9 13 18
1 9 14 20
1 9 14 23
1 9 14 24
1 9 14 25
1 10 17 21
1 10 17 24
1 10 17 25
1 10 18 23
1 10 18 24
1 11 16 21
1 11 19 25
1 11 20 24
1 12 22 25
1 13 18 22
2 2 2 2
2 2 2 3
2 2 2 4
2 2 2 5
2 2 2 6
2 2 2 7
2 2 2 8
2 2 2 9
2 2 2 10
2 2 2 11
2 2 2 12
2 2 2 13
2 2 2 14
2 2 2 15
2 2 2 16
2 2 2 17
2 2 2 18
2 2 2 19
2 2 2 20
2 2 2 21
2 2 2 22
2 2 2 23
2 2 2 24
2 2 2 25
2 3 6 8
2 3 6 9
2 3 6 11
2 3 6 12
2 3 6 13
2 3 6 14
2 3 6 15
2 3 6 16
2 3 6 17
2 3 6 18
2 3 6 19
2 3 6 20
2 3 6 21
2 3 6 22
2 3 6 23
2 3 6 24
2 3 6 25
2 4 7 10
2 4 8 10
2 4 8 12
2 4 8 14
2 4 8 15
2 4 8 16
2 4 8 17
2 4 8 18
2 4 8 19
2 4 8 20
2 4 8 21
2 4 8 22
2 4 8 23
2 4 8 24
2 4 8 25
2 5 7 10
2 5 7 13
2 5 7 14
2 5 7 15
2 5 7 16
2 5 7 17
2 5 7 18
2 5 7 19
2 5 7 20
2 5 7 21
2 5 7 22
2 5 7 23
2 5 7 24
2 5 7 25
2 6 8 11
2 6 11 13
2 6 11 18
2 7 11 13
2 7 12 15
2 7 13 17
2 7 13 20
2 8 13 17
2 8 14 16
2 8 14 23
2 8 16 23
2 9 14 19
2 9 14 20
2 9 14 22
2 9 14 23
2 9 15 19
2 9 16 18
2 9 16 23
2 10 15 21
2 10 15 24
2 10 15 25
2 10 16 21
2 11 17 22
2 11 18 22
2 12 18 24
2 12 18 25
2 12 19 21
2 12 19 24
3 3 3 3
3 3 3 4
3 3 3 5
3 3 3 6
3 3 3 7
3 3 3 8
3 3 3 9
3 3 3 10
3 3 3 11
3 3 3 12
3 3 3 13
3 3 3 14
3 3 3 15
3 3 3 16
3 3 3 17
3 3 3 18
3 3 3 19
3 3 3 20
3 3 3 21
3 3 3 22
3 3 3 23
3 3 3 24
3 3 3 25
3 4 5 7
3 4 6 7
3 4 11 14
3 4 11 15
3 4 11 16
3 4 11 17
3 5 7 9
3 5 7 13
3 5 13 17
3 5 13 18
3 6 7 9
3 6 7 12
3 6 8 16
3 6 12 16
3 6 14 15
3 7 9 18
3 7 9 19
3 7 9 20
3 7 9 21
3 7 9 22
3 7 9 23
3 7 9 24
3 7 9 25
3 8 9 16
3 8 9 17
3 8 9 18
3 8 10 12
3 8 14 25
3 8 17 18
3 9 15 21
3 9 17 24
3 10 11 19
3 10 11 24
3 10 11 25
3 10 17 19
3 10 19 20
3 11 12 20
3 11 17 24
3 11 18 24
3 11 19 20
3 11 20 22
3 12 13 21
3 13 14 15
3 14 15 23
3 14 21 22
3 15 23 25
4 4 4 4
4 4 4 5
4 4 4 6
4 4 4 7
4 4 4 8
4 4 4 9
4 4 4 10
4 4 4 11
4 4 4 12
4 4 4 13
4 4 4 14
4 4 4 15
4 4 4 16
4 4 4 17
4 4 4 18
4 4 4 19
4 4 4 20
4 4 4 21
4 4 4 22
4 4 4 23
4 4 4 24
4 4 4 25
4 5 8 14
4 5 10 13
4 5 10 15
4 5 10 17
4 5 10 18
4 5 10 19
4 5 10 20
4 5 10 21
4 5 10 22
4 5 10 23
4 5 10 24
4 5 10 25
4 5 14 15
4 6 7 12
4 6 9 10
4 6 9 11
4 6 9 12
4 6 9 15
4 6 9 18
4 6 9 19
4 6 9 20
4 6 9 21
4 6 9 22
4 6 9 23
4 6 9 24
4 6 9 25
4 6 16 23
4 6 16 24
4 7 11 12
4 7 11 16
4 7 15 19
4 8 9 16
4 8 11 16
4 8 12 13
4 8 12 23
4 8 13 16
4 8 16 20
4 9 10 13
4 9 10 20
4 9 18 19
4 10 14 15
4 10 14 21
4 11 12 22
4 11 19 23
4 11 20 21
4 12 16 25
4 13 14 17
4 13 14 25
4 14 24 25
4 15 23 24
4 17 18 21
5 5 5 5
5 5 5 6
5 5 5 7
5 5 5 8
5 5 5 9
5 5 5 10
5 5 5 11
5 5 5 12
5 5 5 13
5 5 5 14
5 5 5 15
5 5 5 16
5 5 5 17
5 5 5 18
5 5 5 19
5 5 5 20
5 5 5 21
5 5 5 22
5 5 5 23
5 5 5 24
5 5 5 25
5 6 7 10
5 6 7 15
5 6 8 10
5 6 8 13
5 6 8 15
5 6 8 17
5 6 12 16
5 6 14 20
5 6 14 24
5 6 14 25
5 7 16 18
5 7 16 21
5 7 17 24
5 8 10 12
5 8 10 18
5 8 17 22
5 8 19 25
5 8 20 21
5 9 11 19
5 9 11 21
5 9 11 24
5 9 11 25
5 9 13 18
5 9 13 19
5 9 19 20
5 9 19 21
5 10 14 20
5 11 12 16
5 11 12 17
5 11 12 18
5 11 15 22
5 11 15 23
5 11 15 24
5 11 19 21
5 11 22 23
5 12 13 24
5 12 13 25
5 12 22 23
5 13 14 22
5 13 22 23
5 14 16 22
5 14 24 25
5 19 20 21
6 6 6 6
6 6 6 7
6 6 6 8
6 6 6 9
6 6 6 10
6 6 6 11
6 6 6 12
6 6 6 13
6 6 6 14
6 6 6 15
6 6 6 16
6 6 6 17
6 6 6 18
6 6 6 19
6 6 6 20
6 6 6 21
6 6 6 22
6 6 6 23
6 6 6 24
6 6 6 25
6 7 12 14
6 7 13 20
6 7 13 25
6 7 14 18
6 7 19 22
6 8 10 12
6 8 11 22
6 8 11 25
6 8 14 17
6 8 14 21
6 8 15 21
6 8 16 20
6 9 11 13
6 9 11 21
6 9 11 24
6 9 13 16
6 9 13 25
6 10 13 14
6 10 13 24
6 10 16 23
6 10 17 23
6 11 13 23
6 11 15 17
6 11 15 18
6 11 18 25
6 12 18 24
6 13 16 21
6 14 16 20
6 14 17 19
6 14 17 23
6 15 19 23
6 18 20 22
7 7 7 7
7 7 7 8
7 7 7 9
7 7 7 10
7 7 7 11
7 7 7 12
7 7 7 13
7 7 7 14
7 7 7 15
7 7 7 16
7 7 7 17
7 7 7 18
7 7 7 19
7 7 7 20
7 7 7 21
7 7 7 22
7 7 7 23
7 7 7 24
7 7 7 25
7 8 9 13
7 8 13 14
7 8 13 21
7 8 15 24
7 8 16 22
7 9 10 17
7 9 10 18
7 9 10 19
7 9 10 20
7 9 10 21
7 9 10 22
7 9 10 24
7 9 14 20
7 9 15 16
7 10 11 25
7 10 12 19
7 10 18 24
7 10 19 23
7 11 16 22
7 11 20 25
7 12 20 21
7 12 20 25
7 13 18 23
7 14 15 16
7 14 21 23
7 15 17 22
7 17 22 24
8 8 8 8
8 8 8 9
8 8 8 10
8 8 8 11
8 8 8 12
8 8 8 13
8 8 8 14
8 8 8 15
8 8 8 16
8 8 8 17
8 8 8 18
8 8 8 19
8 8 8 20
8 8 8 21
8 8 8 22
8 8 8 23
8 8 8 24
8 8 8 25
8 9 12 15
8 9 12 17
8 9 15 19
8 9 15 22
8 9 15 23
8 9 16 17
8 9 17 19
8 10 11 16
8 10 11 19
8 10 11 21
8 10 11 23
8 10 15 19
8 11 12 22
8 11 16 21
8 11 16 24
8 11 18 19
8 11 18 20
8 11 18 21
8 12 19 22
8 12 22 23
8 13 19 24
8 14 15 25
8 14 20 25
8 17 20 25
9 9 9 9
9 9 9 10
9 9 9 11
9 9 9 12
9 9 9 13
9 9 9 14
9 9 9 15
9 9 9 16
9 9 9 17
9 9 9 18
9 9 9 19
9 9 9 20
9 9 9 21
9 9 9 22
9 9 9 23
9 9 9 24
9 9 9 25
9 10 16 23
9 10 18 21
9 10 19 20
9 11 12 17
9 11 14 23
9 11 14 25
9 11 18 24
9 11 20 21
9 12 13 14
9 12 13 21
9 12 13 24
9 13 14 18
9 13 21 24
9 14 15 22
9 14 19 25
9 14 22 25
9 14 23 25
9 15 21 22
9 16 17 23
10 10 10 10
10 10 10 11
10 10 10 12
10 10 10 13
10 10 10 14
10 10 10 15
10 10 10 16
10 10 10 17
10 10 10 18
10 10 10 19
10 10 10 20
10 10 10 21
10 10 10 22
10 10 10 23
10 10 10 24
10 10 10 25
10 11 13 23
10 11 15 16
10 11 15 18
10 11 15 20
10 11 16 18
10 11 19 23
10 12 14 15
10 12 16 22
10 12 17 21
10 12 17 25
10 13 15 25
10 13 17 21
10 13 22 25
10 14 19 23
10 14 19 24
10 15 18 22
10 16 23 25
10 17 20 24
10 17 20 25
11 11 11 11
11 11 11 12
11 11 11 13
11 11 11 14
11 11 11 15
11 11 11 16
11 11 11 17
11 11 11 18
11 11 11 19
11 11 11 20
11 11 11 21
11 11 11 22
11 11 11 23
11 11 11 24
11 11 11 25
11 12 13 19
11 12 13 22
11 12 17 24
11 12 19 21
11 12 21 25
11 13 15 17
11 13 24 25
11 14 15 23
11 15 16 21
11 15 17 20
11 15 20 22
12 12 12 12
12 12 12 13
12 12 12 14
12 12 12 15
12 12 12 16
12 12 12 17
12 12 12 18
12 12 12 19
12 12 12 20
12 12 12 21
12 12 12 22
12 12 12 23
12 12 12 24
12 12 12 25
12 13 14 23
12 13 22 23
12 14 16 25
12 14 17 23
12 14 18 25
12 14 23 25
12 15 16 25
12 15 17 23
12 16 17 19
12 18 19 22
12 18 20 21
13 13 13 13
13 13 13 14
13 13 13 15
13 13 13 16
13 13 13 17
13 13 13 18
13 13 13 19
13 13 13 20
13 13 13 21
13 13 13 22
13 13 13 23
13 13 13 24
13 13 13 25
13 14 16 24
13 15 16 17
13 16 18 25
13 16 20 25
13 16 21 22
13 18 21 22
14 14 14 14
14 14 14 15
14 14 14 16
14 14 14 17
14 14 14 18
14 14 14 19
14 14 14 20
14 14 14 21
14 14 14 22
14 14 14 23
14 14 14 24
14 14 14 25
14 15 17 22
14 15 18 22
14 16 17 19
14 16 17 22
14 16 18 19
14 21 23 24
15 15 15 15
15 15 15 16
15 15 15 17
15 15 15 18
15 15 15 19
15 15 15 20
15 15 15 21
15 15 15 22
15 15 15 23
15 15 15 24
15 15 15 25
15 16 18 23
15 17 19 25
15 18 23 25
16 16 16 16
16 16 16 17
16 16 16 18
16 16 16 19
16 16 16 20
16 16 16 21
16 16 16 22
16 16 16 23
16 16 16 24
16 16 16 25
16 19 23 24
16 20 24 25
17 17 17 17
17 17 17 18
17 17 17 19
17 17 17 20
17 17 17 21
17 17 17 22
17 17 17 23
17 17 17 24
17 17 17 25
17 18 21 24
18 18 18 18
18 18 18 19
18 18 18 20
18 18 18 21
18 18 18 22
18 18 18 23
18 18 18 24
18 18 18 25
18 19 20 24
18 20 22 23
19 19 19 19
19 19 19 20
19 19 19 21
19 19 19 22
19 19 19 23
19 19 19 24
19 19 19 25
20 20 20 20
20 20 20 21
20 20 20 22
20 20 20 23
20 20 20 24
20 20 20 25
20 21 23 24
21 21 21 21
21 21 21 22
21 21 21 23
21 21 21 24
21 21 21 25
22 22 22 22
22 22 22 23
22 22 22 24
22 22 22 25
23 23 23 23
23 23 23 24
23 23 23 25
24 24 24 24
24 24 24 25
25 25 25 25
