0 0 0
0 0 1
0 0 2
0 0 3
0 0 4
0 0 5
0 0 6
0 0 7
0 0 8
0 0 9
0 0 10
0 0 11
0 0 12
0 0 13
0 0 14
0 0 15
0 0 16
0 0 17
0 0 18
0 0 19
0 0 20
0 0 21
0 0 22
0 0 23
0 0 24
0 0 25
0 0 26
0 0 27
0 0 28
0 0 29
0 0 30
0 0 31
0 0 32
0 0 33
0 0 34
0 0 35
0 0 36
0 0 37
0 0 38
0 0 39
0 0 40
1 2 3
1 2 4
1 2 5
1 2 6
1 2 7
1 2 8
1 2 9
1 2 10
1 2 11
1 2 12
1 2 13
1 2 14
1 2 15
1 2 16
1 2 17
1 2 18
1 2 19
1 2 20
1 2 21
1 2 22
1 2 23
1 2 24
1 2 25
1 2 26
1 2 27
1 2 28
1 2 29
1 2 30
1 2 31
1 2 32
1 2 33
1 2 34
1 2 35
1 2 36
1 2 37
1 2 38
1 2 39
1 2 40
2 4 5
3 5 7
3 5 8
3 5 9
3 5 10
3 5 11
3 5 12
3 5 13
3 5 14
3 5 15
3 5 16
3 5 17
3 5 18
3 5 19
3 5 20
3 5 21
3 5 22
3 5 23
3 5 24
3 5 25
3 5 26
3 5 27
3 5 28
3 5 29
3 5 30
3 5 31
3 5 32
3 5 33
3 5 34
3 5 35
3 5 36
3 5 37
3 5 38
3 5 39
3 5 40
4 7 9
4 7 11
4 7 12
4 7 13
4 7 14
4 7 15
4 7 16
4 7 17
4 7 18
4 7 19
4 7 20
4 7 21
4 7 22
4 7 23
4 7 24
4 7 25
4 7 26
4 7 27
4 7 28
4 7 29
4 7 30
4 7 31
4 7 32
4 7 33
4 7 34
4 7 35
4 7 36
4 7 37
4 7 38
4 7 39
4 7 40
5 9 12
6 10 14
6 10 15
6 10 16
6 10 17
6 10 18
6 10 19
6 10 20
6 10 21
6 10 22
6 10 23
6 10 24
6 10 25
6 10 26
6 10 27
6 10 28
6 10 29
6 10 30
6 10 31
6 10 32
6 10 33
6 10 34
6 10 35
6 10 36
6 10 37
6 10 38
6 10 39
6 10 40
6 11 13
6 11 14
7 12 16
7 12 18
7 13 16
8 13 20
8 13 21
8 13 22
8 13 23
8 13 24
8 13 25
8 13 26
8 13 27
8 13 28
8 13 29
8 13 30
8 13 31
8 13 32
8 13 33
8 13 34
8 13 35
8 13 36
8 13 37
8 13 38
8 13 39
8 13 40
8 14 18
8 14 19
8 14 20
8 15 18
9 15 23
9 15 24
9 15 25
9 15 26
9 15 27
9 15 28
9 15 29
9 15 30
9 15 31
9 15 32
9 15 33
9 15 34
9 15 35
9 15 36
9 15 37
9 15 38
9 15 39
9 15 40
9 16 20
9 16 21
9 16 22
10 17 24
10 18 21
10 18 22
10 18 23
10 18 24
11 18 27
11 18 28
11 18 29
11 18 30
11 18 31
11 18 32
11 18 33
11 18 34
11 18 35
11 18 36
11 18 37
11 18 38
11 18 39
11 18 40
11 20 24
11 20 25
11 20 26
12 20 28
12 20 30
12 20 32
12 20 33
12 20 34
12 20 35
12 20 36
12 20 37
12 20 38
12 20 39
12 20 40
12 21 28
12 22 27
12 22 28
13 22 30
13 22 32
13 22 33
13 23 30
13 24 28
13 24 30
14 23 36
14 23 37
14 23 38
14 23 39
14 23 40
14 24 32
14 24 33
14 25 32
14 26 32
15 25 36
15 25 37
15 25 38
15 26 31
15 26 34
15 26 35
15 27 34
15 28 34
16 26 40
16 27 37
16 28 36
16 28 37
16 29 36
17 28 39
17 28 40
17 29 39
17 30 35
17 30 38
17 30 39
17 31 37
17 31 38
18 32 40
19 34 39