1 2 3 4 1234
0 0 0 0
0 0 1 1
0 0 2 2
0 0 3 3
0 0 4 4
0 0 5 5
0 0 6 6
0 0 7 7
0 0 8 8
0 0 9 9
0 0 10 10
0 0 11 11
0 0 12 12
0 0 13 13
0 0 14 14
0 0 15 15
0 0 16 16
0 0 17 17
0 0 18 18
0 0 19 19
0 0 20 20
0 0 21 21
0 0 22 22
0 0 23 23
0 0 24 24
0 0 25 25
0 1 2 3
0 1 4 5
0 1 6 7
0 1 8 9
0 1 10 11
0 1 12 13
0 1 14 15
0 1 16 17
0 1 18 19
0 1 20 21
0 1 22 23
0 1 24 25
0 2 4 6
0 2 5 7
0 2 8 10
0 2 9 11
0 2 12 14
0 2 13 15
0 2 16 18
0 2 17 19
0 2 20 22
0 2 21 23
0 3 4 7
0 3 5 6
0 3 8 11
0 3 9 10
0 3 12 15
0 3 13 14
0 3 16 19
0 3 17 18
0 3 20 23
0 3 21 22
0 4 8 12
0 4 9 13
0 4 10 14
0 4 11 15
0 4 16 20
0 4 17 21
0 4 18 22
0 4 19 23
0 5 8 13
0 5 9 12
0 5 10 15
0 5 11 14
0 5 16 21
0 5 17 20
0 5 18 23
0 5 19 22
0 6 8 14
0 6 9 15
0 6 10 12
0 6 11 13
0 6 16 22
0 6 17 23
0 6 18 20
0 6 19 21
0 7 8 15
0 7 9 14
0 7 10 13
0 7 11 12
0 7 16 23
0 7 17 22
0 7 18 21
0 7 19 20
0 8 16 24
0 8 17 25
0 9 16 25
0 9 17 24
0 10 18 24
0 10 19 25
0 11 18 25
0 11 19 24
0 12 20 24
0 12 21 25
0 13 20 25
0 13 21 24
0 14 22 24
0 14 23 25
0 15 22 25
0 15 23 24
1 1 1 2
1 1 3 4
1 1 5 6
1 1 7 8
1 1 9 10
1 1 11 12
1 1 13 14
1 1 15 16
1 1 17 18
1 1 19 20
1 1 21 22
1 1 23 24
1 2 2 2
1 2 4 4
1 2 5 5
1 2 6 6
1 2 7 7
1 2 8 8
1 2 9 9
1 2 10 10
1 2 11 11
1 2 12 12
1 2 13 13
1 2 14 14
1 2 15 15
1 2 16 16
1 2 17 17
1 2 18 18
1 2 19 19
1 2 20 20
1 2 21 21
1 2 22 22
1 2 23 23
1 2 24 24
1 2 25 25
1 3 3 3
1 3 5 8
1 3 6 9
1 3 7 10
1 3 11 13
1 3 12 14
1 3 15 17
1 3 16 18
1 3 19 21
1 3 20 22
1 3 23 25
1 4 6 8
1 4 7 9
1 4 10 12
1 4 11 14
1 4 13 15
1 4 16 19
1 4 17 22
1 4 18 20
1 4 21 23
1 5 7 11
1 5 9 14
1 5 10 13
1 5 12 15
1 5 16 20
1 5 17 19
1 5 18 21
1 5 22 24
1 6 10 14
1 6 11 15
1 6 12 16
1 6 13 17
1 6 18 22
1 6 19 23
1 6 20 24
1 6 21 25
1 7 12 17
1 7 13 16
1 7 14 18
1 7 15 19
1 7 20 23
1 7 21 24
1 7 22 25
1 8 10 16
1 8 11 17
1 8 12 18
1 8 13 19
1 8 14 20
1 8 15 21
1 9 11 16
1 9 12 19
1 9 13 18
1 9 15 20
1 9 17 21
1 10 15 18
1 10 17 20
1 10 19 22
1 11 18 23
1 11 20 25
1 14 16 21
1 14 17 23
1 14 19 24
2 2 3 4
2 2 5 6
2 2 7 8
2 2 9 10
2 2 11 12
2 2 13 14
2 2 15 16
2 2 17 18
2 2 19 20
2 2 21 22
2 2 23 24
2 3 3 5
2 3 6 8
2 3 7 9
2 3 10 12
2 3 11 14
2 3 13 16
2 3 15 18
2 3 17 20
2 3 19 22
2 3 21 24
2 4 5 8
2 4 7 11
2 4 9 12
2 4 10 13
2 4 14 15
2 4 16 17
2 4 18 19
2 4 20 21
2 4 22 23
2 4 24 25
2 5 9 13
2 5 10 11
2 5 12 16
2 5 14 18
2 5 15 17
2 5 19 23
2 5 20 24
2 5 21 25
2 6 7 10
2 6 9 14
2 6 11 16
2 6 12 13
2 6 15 19
2 6 17 22
2 6 18 21
2 6 20 23
2 7 12 15
2 7 13 18
2 7 14 16
2 7 17 21
2 7 19 24
2 7 23 25
2 8 9 15
2 8 11 13
2 8 12 17
2 8 14 19
2 8 16 21
2 8 18 20
2 8 22 24
2 9 16 19
2 9 17 23
2 9 18 22
2 9 20 25
2 10 14 17
2 10 15 20
2 10 16 22
2 10 18 23
2 10 19 21
2 11 15 21
2 11 17 24
2 11 19 25
2 12 18 24
2 12 22 25
2 13 17 25
3 3 4 6
3 3 7 11
3 3 8 10
3 3 9 12
3 3 13 15
3 3 14 16
3 3 17 19
3 3 18 20
3 3 21 23
3 3 22 24
3 4 4 5
3 4 8 9
3 4 10 11
3 4 12 13
3 4 14 18
3 4 15 19
3 4 16 21
3 4 17 23
3 4 20 24
3 5 5 7
3 5 9 9
3 5 10 10
3 5 11 11
3 5 12 12
3 5 13 13
3 5 14 14
3 5 15 15
3 5 16 16
3 5 17 17
3 5 18 18
3 5 19 19
3 5 20 20
3 5 21 21
3 5 22 22
3 5 23 23
3 5 24 24
3 5 25 25
3 6 6 6
3 6 7 7
3 6 10 13
3 6 11 17
3 6 12 18
3 6 14 15
3 6 16 20
3 6 19 25
3 6 22 23
3 7 8 8
3 7 12 19
3 7 13 20
3 7 14 21
3 7 15 16
3 7 17 24
3 7 18 25
3 8 12 20
3 8 13 21
3 8 14 22
3 8 15 23
3 8 16 17
3 8 18 19
3 8 24 25
3 9 11 15
3 9 13 17
3 9 14 20
3 9 16 22
3 9 18 21
3 9 19 23
3 10 14 19
3 10 15 22
3 10 16 23
3 10 17 21
3 11 12 16
3 11 18 22
3 11 19 20
3 11 21 25
3 11 23 24
3 12 17 22
3 13 18 23
3 13 19 24
3 13 22 25
3 14 17 25
3 15 20 21
4 4 4 6
4 4 7 10
4 4 8 11
4 4 9 14
4 4 12 15
4 4 13 16
4 4 17 19
4 4 18 21
4 4 20 22
4 5 5 9
4 5 6 6
4 5 7 12
4 5 10 16
4 5 11 13
4 5 14 17
4 5 15 20
4 5 18 25
4 5 19 21
4 5 23 24
4 6 7 13
4 6 9 9
4 6 10 15
4 6 11 12
4 6 14 19
4 6 16 23
4 6 17 18
4 6 20 25
4 6 21 22
4 7 7 8
4 7 14 14
4 7 15 15
4 7 16 16
4 7 17 17
4 7 18 18
4 7 19 19
4 7 20 20
4 7 21 21
4 7 22 22
4 7 23 23
4 7 24 24
4 7 25 25
4 8 8 8
4 8 10 10
4 8 13 13
4 8 14 16
4 8 15 17
4 8 18 23
4 8 19 20
4 9 10 17
4 9 11 11
4 9 15 16
4 9 18 24
4 9 19 22
4 9 20 23
4 10 19 24
4 10 21 25
4 11 16 18
4 11 17 20
4 11 21 24
4 11 23 25
4 12 12 12
4 12 14 20
4 12 16 22
4 12 17 24
4 12 19 25
4 13 14 21
4 13 22 24
4 14 22 25
5 5 5 8
5 5 6 10
5 5 11 15
5 5 12 14
5 5 13 17
5 5 16 19
5 5 18 22
5 5 20 23
5 5 21 24
5 6 7 9
5 6 8 11
5 6 12 17
5 6 13 16
5 6 14 20
5 6 15 21
5 6 18 19
5 6 23 25
5 7 7 10
5 7 8 16
5 7 13 14
5 7 15 18
5 7 17 23
5 7 19 25
5 7 20 21
5 8 8 10
5 8 9 17
5 8 12 19
5 8 14 21
5 8 15 22
5 8 18 24
5 8 20 25
5 9 10 18
5 9 11 19
5 9 15 23
5 9 16 24
5 9 20 22
5 10 12 20
5 10 14 23
5 10 17 22
5 10 24 25
5 11 12 21
5 11 16 17
5 11 18 20
5 11 22 23
5 12 13 18
5 13 15 19
5 13 21 23
5 14 15 16
5 16 22 25
6 6 7 12
6 6 8 10
6 6 9 11
6 6 13 18
6 6 14 16
6 6 15 17
6 6 19 22
6 7 8 17
6 7 11 14
6 7 15 20
6 7 16 18
6 7 22 24
6 8 8 9
6 8 12 21
6 8 13 15
6 8 16 25
6 8 19 24
6 9 10 16
6 9 12 12
6 9 13 13
6 9 17 19
6 9 18 23
6 9 20 21
6 9 24 25
6 10 10 11
6 10 17 17
6 10 18 18
6 10 19 19
6 10 20 20
6 10 21 21
6 10 22 22
6 10 23 23
6 10 24 24
6 10 25 25
6 11 11 11
6 11 18 24
6 11 20 22
6 11 21 23
6 12 14 14
6 12 15 15
6 12 19 20
6 13 14 22
6 13 23 24
6 14 17 21
6 14 18 25
6 15 16 16
6 16 17 24
7 7 7 11
7 7 9 12
7 7 13 15
7 7 14 17
7 7 16 20
7 7 18 22
7 7 19 21
7 8 9 13
7 8 10 11
7 8 12 22
7 8 14 23
7 8 20 24
7 8 21 25
7 9 9 15
7 9 10 10
7 9 11 17
7 9 16 21
7 9 18 19
7 10 12 12
7 10 14 15
7 10 16 19
7 10 17 18
7 10 20 25
7 10 21 23
7 11 11 13
7 11 15 22
7 11 16 24
7 11 19 23
7 12 13 13
7 12 14 24
7 12 18 20
7 13 21 22
7 14 19 22
7 15 17 25
7 18 23 24
8 8 11 15
8 8 12 14
8 8 13 16
8 8 17 22
8 8 18 21
8 8 19 25
8 8 20 23
8 9 9 12
8 9 10 20
8 9 11 18
8 9 14 24
8 9 16 23
8 9 19 21
8 9 22 25
8 10 12 13
8 10 14 18
8 10 15 19
8 10 17 23
8 10 21 24
8 11 11 14
8 11 12 23
8 11 16 16
8 11 19 22
8 11 20 21
8 12 12 15
8 13 14 17
8 13 18 18
8 13 20 20
8 13 22 22
8 13 23 23
8 13 24 24
8 13 25 25
8 14 14 14
8 14 15 15
8 15 16 18
8 16 19 19
8 16 20 22
8 17 17 17
8 17 21 21
8 21 22 23
9 9 9 14
9 9 10 13
9 9 11 20
9 9 17 22
9 9 18 25
9 9 19 24
9 10 11 14
9 10 12 21
9 10 15 24
9 10 23 25
9 11 12 13
9 12 14 17
9 12 15 18
9 13 14 15
9 13 16 16
9 13 19 19
9 13 22 23
9 14 14 16
9 14 18 18
9 14 19 25
9 14 21 22
9 15 15 17
9 15 21 21
9 15 22 22
9 15 25 25
9 16 17 17
9 16 18 20
9 19 20 20
9 20 24 24
9 21 23 23
10 10 10 16
10 10 12 17
10 10 13 18
10 10 14 20
10 10 15 21
10 11 11 16
10 11 12 18
10 11 13 15
10 11 17 25
10 11 20 24
10 11 21 22
10 12 14 22
10 12 15 16
10 12 19 23
10 13 13 17
10 13 14 16
10 13 20 22
10 14 14 21
10 15 15 23
10 16 16 17
10 16 18 21
10 18 19 20
10 22 23 24
11 11 12 19
11 11 15 20
11 11 17 22
11 12 12 20
11 12 14 25
11 12 15 24
11 13 13 18
11 13 14 19
11 13 16 21
11 13 17 23
11 14 14 20
11 14 16 22
11 14 17 18
11 15 15 19
11 15 16 23
11 17 17 21
11 18 18 18
11 18 21 21
11 19 19 21
11 20 20 23
11 22 22 22
11 22 24 24
11 22 25 25
11 23 23 23
12 12 13 19
12 12 14 18
12 12 16 23
12 12 17 21
12 13 15 21
12 13 16 20
12 14 15 19
12 14 16 16
12 15 20 22
12 16 17 19
12 16 18 25
12 17 17 18
12 17 20 20
12 17 23 23
12 17 25 25
12 18 18 21
12 18 19 22
12 19 19 24
12 19 21 21
12 20 21 23
12 21 22 24
12 22 22 23
12 23 24 24
13 13 13 20
13 13 14 23
13 13 15 22
13 13 16 24
13 13 19 25
13 14 14 24
13 15 15 24
13 15 16 25
13 16 17 18
13 16 19 23
13 17 17 22
13 17 19 20
13 18 19 21
13 18 20 24
13 21 21 25
14 14 15 23
14 15 18 21
14 15 20 24
14 16 18 23
14 16 24 25
14 17 17 24
14 18 20 22
14 19 19 23
14 19 20 21
14 20 20 25
14 21 21 23
14 21 25 25
14 22 23 23
14 24 24 24
15 15 15 25
15 16 17 22
15 16 19 24
15 17 18 20
15 17 19 23
15 18 18 23
15 18 22 24
15 19 19 25
15 20 23 25
15 21 24 25
16 16 16 24
16 16 19 25
16 17 21 25
16 18 18 22
16 20 23 24
16 21 21 24
17 17 19 25
17 18 18 24
17 18 23 25
17 22 24 25